L=30
sites_and_initial_product_states=[[1,[1/sqrt(2.0),0.0],[-1/sqrt(2.0),0.0]],[2,[1/sqrt(2.0),0.0],[-1/sqrt(2.0),0.0]],[3,[1/sqrt(2.0),0.0],[-1/sqrt(2.0),0.0]],[4,[1/sqrt(2.0),0.0],[-1/sqrt(2.0),0.0]],[5,[1/sqrt(2.0),0.0],[-1/sqrt(2.0),0.0]],[6,[1/sqrt(2.0),0.0],[-1/sqrt(2.0),0.0]],[7,[1/sqrt(2.0),0.0],[-1/sqrt(2.0),0.0]],[8,[1/sqrt(2.0),0.0],[-1/sqrt(2.0),0.0]],[9,[1/sqrt(2.0),0.0],[-1/sqrt(2.0),0.0]],[10,[1/sqrt(2.0),0.0],[-1/sqrt(2.0),0.0]],[11,[1/sqrt(2.0),0.0],[-1/sqrt(2.0),0.0]],[12,[1/sqrt(2.0),0.0],[-1/sqrt(2.0),0.0]],[13,[1/sqrt(2.0),0.0],[-1/sqrt(2.0),0.0]],[14,[1/sqrt(2.0),0.0],[-1/sqrt(2.0),0.0]],[15,[1/sqrt(2.0),0.0],[-1/sqrt(2.0),0.0]],[16,[1/sqrt(2.0),0.0],[-1/sqrt(2.0),0.0]],[17,[1/sqrt(2.0),0.0],[-1/sqrt(2.0),0.0]],[18,[1/sqrt(2.0),0.0],[-1/sqrt(2.0),0.0]],[19,[1/sqrt(2.0),0.0],[-1/sqrt(2.0),0.0]],[20,[1/sqrt(2.0),0.0],[-1/sqrt(2.0),0.0]],[21,[1/sqrt(2.0),0.0],[-1/sqrt(2.0),0.0]],[22,[1/sqrt(2.0),0.0],[-1/sqrt(2.0),0.0]],[23,[1/sqrt(2.0),0.0],[-1/sqrt(2.0),0.0]],[24,[1/sqrt(2.0),0.0],[-1/sqrt(2.0),0.0]],[25,[1/sqrt(2.0),0.0],[-1/sqrt(2.0),0.0]],[26,[1/sqrt(2.0),0.0],[-1/sqrt(2.0),0.0]],[27,[1/sqrt(2.0),0.0],[-1/sqrt(2.0),0.0]],[28,[1/sqrt(2.0),0.0],[-1/sqrt(2.0),0.0]],[29,[1/sqrt(2.0),0.0],[-1/sqrt(2.0),0.0]],[30,[1/sqrt(2.0),0.0],[-1/sqrt(2.0),0.0]]]
bonds_and_Js=[[1,2,-1.0,-1.0],[2,3,1.0,1.0],[3,4,-1.0,-1.0],[4,5,1.0,1.0],[5,6,-1.0,-1.0],[6,7,1.0,1.0],[7,8,-1.0,-1.0],[8,9,1.0,1.0],[9,10,-1.0,-1.0],[10,11,1.0,1.0],[11,12,-1.0,-1.0],[12,13,1.0,1.0],[13,14,-1.0,-1.0],[14,15,1.0,1.0],[15,16,-1.0,-1.0],[16,17,1.0,1.0],[17,18,-1.0,-1.0],[18,19,1.0,1.0],[19,20,-1.0,-1.0],[20,21,1.0,1.0],[21,22,-1.0,-1.0],[22,23,1.0,1.0],[23,24,-1.0,-1.0],[24,25,1.0,1.0],[25,26,-1.0,-1.0],[26,27,1.0,1.0],[27,28,-1.0,-1.0],[28,29,1.0,1.0],[29,30,-1.0,-1.0],[30,1,0.0,0.0]]
sites_and_hzs=[[1,1],[2,1],[3,1],[4,1],[5,1],[6,1],[7,1],[8,1],[9,1],[10,1],[11,1],[12,1],[13,1],[14,1],[15,1],[16,1],[17,1],[18,1],[19,1],[20,1],[21,1],[22,1],[23,1],[24,1],[25,1],[26,1],[27,1],[28,1],[29,1],[30,1]]
tau=0.83442
sites_and_phis=[[1,15],[2,0.0],[3,0.0],[4,0.0],[5,0.0],[6,0.0],[7,0.0],[8,0.0],[9,0.0],[10,0.0],[11,0.0],[12,0.0],[13,0.0],[14,0.0],[15,0.0],[16,0.0],[17,0.0],[18,0.0],[19,0.0],[20,0.0],[21,0.0],[22,0.0],[23,0.0],[24,0.0],[25,0.0],[26,0.0],[27,0.0],[28,0.0],[29,0.0],[30,0.0]]
numkicks=1
maxdim=10
cutoff=10^(-14)
file_name="OPEN_Bhaskarian_pulse_site_1_output_with_effective_ham_double_S_experiment_1_site_1_kicked_L_30_hz_1_phi_15_tau_0.83442_maxdim_10_numkicks_1_Ntau_100"
N_tau=100
