data load complete for OPEN_Bhaskarian_pulse_site_1_output_with_effective_ham_double_S_experiment_1_site_1_kicked_L_30_hz_1_phi_15_tau_0.83442_maxdim_10_numkicks_1_Ntau_100
Calculating parameters from input file...
calculated TEBD time evolution time step dt = 0.008344200000000001
Total time evolution T = 0.83442
Bond Dimension = [1, 1, 1, 1, 1, 1, 1, 1, 1, 1, 1, 1, 1, 1, 1, 1, 1, 1, 1, 1, 1, 1, 1, 1, 1, 1, 1, 1, 1]
initializing time series arrays!
S1=2.220446049250313e-16
S2=2.220446049250313e-16
S3=2.220446049250313e-16
S4=2.220446049250313e-16
S5=2.220446049250313e-16
S6=2.220446049250313e-16
S7=2.220446049250313e-16
S8=2.220446049250313e-16
S9=2.220446049250313e-16
S10=2.220446049250313e-16
S11=2.220446049250313e-16
S12=2.220446049250313e-16
S13=2.220446049250313e-16
S14=2.220446049250313e-16
S15=2.220446049250313e-16
S16=2.220446049250313e-16
S17=2.220446049250313e-16
S18=2.220446049250313e-16
S19=2.220446049250313e-16
S20=2.220446049250313e-16
S21=2.220446049250313e-16
S22=2.220446049250313e-16
S23=2.220446049250313e-16
S24=2.220446049250313e-16
S25=2.220446049250313e-16
S26=2.220446049250313e-16
S27=2.220446049250313e-16
S28=2.220446049250313e-16
S29=2.220446049250313e-16
S30=2.220446049250313e-16
initializing time series arrays!
hello world
Ntau=100
Ntotal=100
n=1
n=2
n=3
n=4
